-3.131036034732972149e-06
-3.180358306280860271e-06
-3.233411939145198427e-06
-3.290622075134694356e-06
-3.350659433743901679e-06
-3.411144619028859270e-06
-3.469943191875776259e-06
-3.526352872836257799e-06
-3.581529255105866268e-06
-3.637901027784670945e-06
-3.697875165004362015e-06
-3.762528225588170549e-06
-3.831001569357484657e-06
-3.900946493084869510e-06
-3.969796152162145085e-06
-4.036182986822177090e-06
-4.100726872134051053e-06
-4.165748980509443726e-06
-4.234046890904887925e-06
-4.307384271982172663e-06
-4.385518106027817425e-06
-4.466307891931143162e-06
-4.546868439736786533e-06
-4.625154523970943369e-06
-4.701116563018388898e-06
-4.776784766177466697e-06
-4.855214372273039960e-06
-4.938848137313875327e-06
-5.028182980294636256e-06
-5.121478343621978738e-06
-5.215686862740678516e-06
-5.308120863703024669e-06
-5.397954896161158710e-06
-5.486736725233310613e-06
-5.577606923686634119e-06
-5.673629839655367723e-06
-5.776134203455392164e-06
-5.883974017552234981e-06
-5.994133350912280726e-06
-6.103369623835747405e-06
-6.210014183004159923e-06
-6.314945349957549102e-06
-6.421183851683161298e-06
-6.532305610674817527e-06
-6.650519604650280392e-06
-6.775458913216957435e-06
-6.904362298789917248e-06
-7.033573978406433653e-06
-7.160564512092978502e-06
-7.285374166274963245e-06
-7.410675463438936367e-06
-7.540393563026653895e-06
-7.677613282682353317e-06
-7.822907321030687870e-06
-7.974011361597033965e-06
-8.127050805676262456e-06
-8.278676413219096002e-06
-8.427954735767831393e-06
-8.576971119934022545e-06
-8.729789119919750581e-06
-8.890305162055856864e-06
-9.060154203131032697e-06
-9.237816878666700812e-06
-9.419441866690415720e-06
-9.600965921722724513e-06
-9.780393576546314208e-06
-9.958988426029381042e-06
-1.014070069691529802e-05
-1.033011056803354060e-05
-1.052998695036579400e-05
-1.073979427344421113e-05
-1.095598581482459611e-05
-1.117395800070839248e-05
-1.139062579733784346e-05
-1.160621770281229188e-05
-1.182428943907171144e-05
-1.204991349318157269e-05
-1.228700232662562999e-05
-1.253621784169838984e-05
-1.279462679265062047e-05
-1.305732635355435987e-05
-1.332018671605850420e-05
-1.358222710610823982e-05
-1.384631314529600036e-05
-1.411775897692212158e-05
-1.440155986912099220e-05
-1.469974779606780097e-05
-1.501032510352627872e-05
-1.532839402118616839e-05
-1.564890619050593448e-05
-1.596955482461285373e-05
-1.629222373653861319e-05
-1.662216798197916465e-05
-1.696533021614725703e-05
-1.732522937294994912e-05
-1.770112268349870424e-05
-1.808847732129273449e-05
-1.848154018960616217e-05
-1.887663707055534343e-05
-1.927440329531293235e-05
-1.967969810757027577e-05
-2.009920206144002043e-05
-2.053797026963199009e-05
-2.099681477160278992e-05
-2.147197267748984708e-05
-2.195729069164233731e-05
-2.244777808859304478e-05
-2.294260370527135604e-05
-2.344587764103780981e-05
-2.396474139810158540e-05
-2.450576020948019826e-05
-2.507156615493217803e-05
-2.565960430863079803e-05
-2.626371709827845168e-05
-2.687775666746240801e-05
-2.749928203674497048e-05
-2.813130931656259318e-05
-2.878111047586372502e-05
-2.945665836125956606e-05
-3.016262392841906895e-05
-3.089811974819681986e-05
-3.165747090037889693e-05
-3.243365627918779262e-05
-3.322258554846595099e-05
-3.402587637479572460e-05
-3.485057042487906432e-05
-3.570587740752768680e-05
-3.659867507084741192e-05
-3.753021707585640329e-05
-3.849589076753628052e-05
-3.948822864652389996e-05
-4.050158963068573178e-05
-4.153597016967318259e-05
-4.259782666622405269e-05
-4.369738903185115203e-05
-4.484386718840728921e-05
-4.604114637750964992e-05
-4.728635827507706693e-05
-4.857218534475674256e-05
-4.989171762532620198e-05
-5.124324582864395075e-05
-5.263234790827752503e-05
-5.407005650287256002e-05
-5.556802805590558110e-05
-5.713331119791919643e-05
-5.876559613963036014e-05
-6.045852767143634719e-05
-6.220446003155052147e-05
-6.400011667107800145e-05
-6.585005604901033726e-05
-6.776597989784464168e-05
-6.976216844407555579e-05
-7.184947439482584073e-05
-7.403116558504105001e-05
-7.630296823514855383e-05
-7.865740117939272794e-05
-8.109012190126939064e-05
-8.360483465554139932e-05
-8.621401761333346517e-05
-8.893496821587254747e-05
-9.178324416740015076e-05
-9.476707449232049738e-05
-9.788587380745903625e-05
-1.011338056340981521e-04
-1.045065707316776354e-04
-1.080077617132726140e-04
-1.116512671319969753e-04
-1.154583026142716180e-04
-1.194505872351393571e-04
-1.236433641953343129e-04
-1.280421556946879957e-04
-1.326451804770111583e-04
-1.374502751803502204e-04
-1.424626275983400159e-04
-1.476990727715028501e-04
-1.531864881188666221e-04
-1.589550288334977488e-04
-1.650298309555492914e-04
-1.714257632558231065e-04
-1.781482414774754829e-04
-1.851998238853641880e-04
-1.925890641183191699e-04
-2.003367107446175259e-04
-2.084756406085813306e-04
-2.170442546667867407e-04
-2.260766513906241337e-04
-2.355947304535222072e-04
-2.456063845600171239e-04
-2.561105697021675881e-04
-2.671061020714372131e-04
-2.785986919271925895e-04
-2.906013471153525525e-04
-3.031266103497740018e-04
-3.161733608461472301e-04
-3.297137537198369019e-04
-3.436856437663916896e-04
-3.579925552031523977e-04
-3.725086354997059917e-04
-3.870825937762369649e-04
-4.015343129704315207e-04
-4.156408839704490293e-04
-4.291135832979104704e-04
-4.415711028952637386e-04
-4.525148691660749937e-04
-4.613090027039010383e-04
-4.671618973638744059e-04
-4.691013481199618734e-04
-4.659331576494715201e-04
-4.561749572315466862e-04
-4.379610088549383789e-04
-4.089168165564621487e-04
-3.660013099632541413e-04
-3.053077636399023393e-04
-2.218036293877892451e-04
-1.089772100514258891e-04
4.165099097316346213e-05
2.412005241157930103e-04
5.043380443193380301e-04
8.504729876382227357e-04
1.305301405392079528e-03
1.902767950685283621e-03
2.687530065769799803e-03
3.718022361214413929e-03
5.070228495109995077e-03
6.842269287091203023e-03
9.159908355208475073e-03
1.218306061487588361e-02
1.611336343853423184e-02
2.120282905158406631e-02
2.776352623599182695e-02
3.617811862137210871e-02
4.691089080215223028e-02
6.051859985542506343e-02
7.766008745922015066e-02
9.910308665132085137e-02
1.257260979412758439e-01
1.585126715150117771e-01
1.985350383231593574e-01
2.469239448809794624e-01
3.048219486969280245e-01
3.733184948530871572e-01
4.533669261015959018e-01
5.456861588834025500e-01
6.506528834829434782e-01
7.681934063328769158e-01
8.976870489964798860e-01
1.037894656024619611e+00
1.186925594375137116e+00
1.342254226096065928e+00
1.500792166057240529e+00
1.659016143417928468e+00
1.813143885120122034e+00
1.959343378412740755e+00
2.093955477263508946e+00
2.213707208464860354e+00
2.315893929926034822e+00
2.398512654069234085e+00
2.460335649252649581e+00
2.500921615444497537e+00
2.520569790494918028e+00
2.520228863692195009e+00
2.501376535433735171e+00
2.465886543060203717e+00
2.415898187737745673e+00
2.353699583933636319e+00
2.281631047963066372e+00
2.202010312686860427e+00
2.117077464272033804e+00
2.028955152380393923e+00
1.939618841481532074e+00
1.850872426812321780e+00
1.764325998149680608e+00
1.681374387355740962e+00
1.603176914492653982e+00
1.530640104242923627e+00
1.464405879870338101e+00
1.404847798593698460e+00
1.352077329379227644e+00
1.305961137502327229e+00
1.266149033195165918e+00
1.232110898263147014e+00
1.203179760095412387e+00
1.178597440381746964e+00
1.157559002372188894e+00
1.139252595620158015e+00
1.122892180610138180e+00
1.107741836141775238e+00
1.093131670686916301e+00
1.078466519640518761e+00
1.063229398657656422e+00
1.046981972947731432e+00
1.029364082042105721e+00
1.010093730138501344e+00
9.889680977285636443e-01
9.658652702265132506e-01
9.407457151899268899e-01
9.136522098018619031e-01
8.847069732220725902e-01
8.541051501650875899e-01
8.221044050672027259e-01
7.890110640609552251e-01
7.551638296286552476e-01
7.209164719278877698e-01
6.866210122585026943e-01
6.526127636916859709e-01
6.191982415665803208e-01
5.866464950014244062e-01
5.551839390296169352e-01
5.249923685312106736e-01
4.962095621667305667e-01
4.689317545861291792e-01
4.432172559618514085e-01
4.190905976243273767e-01
3.965467416484538266e-01
3.755550724606980806e-01
3.560630585101586809e-01
3.379996089683182103e-01
3.212782398605097400e-01
3.058001993636509375e-01
2.914576843798066808e-01
2.781372190951429957e-01
2.657231778065793915e-01
2.541013409468781403e-01
2.431622982040938241e-01
2.328044748986810297e-01
2.229365671786482372e-01
2.134792261586898887e-01
2.043659178302017210e-01
1.955429842185399947e-01
1.869690203111982474e-01
1.786137435142633456e-01
1.704565587719836239e-01
1.624850131464947722e-01
1.546932962878126150e-01
1.470808897953653493e-01
1.396514116882458245e-01
1.324116527625638640e-01
1.253707667304698459e-01
1.185395590626401874e-01
1.119298202064758496e-01
1.055536641703524736e-01
9.942285792592928106e-02
9.354815390724383062e-02
8.793866019282493840e-02
8.260129525483286828e-02
7.754037373014871504e-02
7.275735730498039677e-02
6.825078450194405066e-02
6.401637075291480294e-02
6.004725134956805099e-02
5.633432848023683243e-02
5.286668051832791454e-02
4.963199534667694923e-02
4.661699672203162975e-02
4.380784060766223370e-02
4.119046542323150789e-02
3.875088618837190663e-02
3.647542834371264586e-02
3.435090321116442136e-02
3.236473322464423347e-02
3.050503981847330418e-02
2.876070848372316163e-02
2.712144301960320303e-02
2.557781497811963470e-02
2.412130684663070859e-02
2.274434150521986372e-02
2.144028828893231389e-02
2.020343833716605614e-02
1.902894764635859604e-02
1.791275282480129377e-02
1.685146929825956721e-02
1.584228302363926283e-02
1.488284473374284350e-02
1.397117192435861147e-02
1.310556029521246953e-02
1.228450466502668120e-02
1.150662969854687398e-02
1.077063207022118350e-02
1.007523640144004917e-02
9.419166372352157438e-03
8.801129881632166127e-03
8.219814177028928609e-03
7.673885115801988739e-03
7.161985249229303914e-03
6.682728198112391702e-03
6.234690532540465048e-03
5.816405260516739444e-03
5.426361634829565857e-03
5.063014033256461183e-03
4.724799188693766354e-03
4.410157839176646194e-03
4.117555544621901570e-03
3.845498567103358776e-03
3.592543619295434938e-03
3.357303345797213630e-03
3.138450998509627939e-03
2.934727139500971794e-03
2.744948833943858073e-03
2.568019111919740780e-03
2.402933057710453929e-03
2.248777582165624282e-03
2.104724414283137834e-03
1.970018781159747160e-03
1.843968035278749406e-03
1.725934147737766830e-03
1.615331675312039377e-03
1.511629747958112341e-03
1.414354430674948874e-03
1.323087635649336253e-03
1.237460658228109944e-03
1.157143336584003741e-03
1.081832208083206934e-03
1.011241593476759236e-03
9.451000140247903768e-04
8.831515909144437753e-04
8.251595929208438299e-04
7.709084178959400195e-04
7.202014600640098494e-04
6.728548569232354606e-04
6.286896181439758768e-04
5.875257406489976277e-04
5.491810149948476343e-04
5.134748285938238541e-04
4.802346843665994251e-04
4.493017858161705842e-04
4.205326280650767716e-04
3.937957516474284957e-04
3.689654556417278682e-04
3.459159033788488020e-04
3.245188150905810071e-04
3.046459751430746678e-04
2.861751662331369055e-04
2.689962984660941494e-04
2.530144172392767392e-04
2.381479791989787864e-04
2.243233417891151175e-04
2.114684294562784025e-04
1.995089330583926085e-04
1.883689716984940571e-04
1.779756880960292143e-04
1.682651006021186114e-04
1.591858583669731773e-04
1.506986958317134558e-04
1.427717218763966908e-04
1.353739318883381360e-04
1.284702785784198214e-04
1.220207762936979307e-04
1.159839229123746471e-04
1.103223977586429902e-04
1.050077915401967561e-04
1.000216859757808139e-04
9.535240830820813083e-05
9.098914181909942506e-05
8.691650068026953466e-05
8.311241144806577618e-05
7.955034168811115031e-05
7.620456539952818521e-05
7.305553114195745365e-05
7.009237471532587204e-05
6.731119429012011822e-05
6.471001692556497598e-05
6.228317520150483374e-05
6.001811678924534176e-05
5.789633483103890824e-05
5.589786759915417149e-05
5.400689062699459632e-05
5.221535278662339455e-05
5.052268925430968894e-05
4.893178172847726862e-05
4.744336583740801504e-05
4.605190998061739862e-05
4.474517197731711144e-05
4.350763408635175940e-05
4.232591713362940914e-05
4.119321731815308012e-05
4.011035934085290460e-05
3.908290764003571048e-05
3.811591467579553036e-05
3.720915292778807044e-05
3.635539585904279760e-05
3.554264560938979415e-05
3.475906361860302453e-05
3.399790666580660759e-05
3.325978686391047647e-05
3.255104108089020926e-05
3.187910942254069409e-05
3.124743544823758160e-05
3.065264329366347291e-05
3.008549693405440607e-05
2.953509077978510810e-05
2.899397655013503610e-05
2.846144060176879860e-05
2.794316574256422813e-05
2.744748015914966386e-05
2.698024200764175288e-05
2.654113340550974848e-05
2.612335707478184230e-05
2.571687493349415375e-05
2.531341060713797130e-05
2.491049510686959919e-05
