7.250000000000000000e+03	-3.119999999999999944e-03
7.290080160320640971e+03	-3.119999999999999944e-03
7.330160320641282851e+03	-3.119999999999999944e-03
7.370240480961923822e+03	-3.119999999999999944e-03
7.410320641282564793e+03	-3.119999999999999944e-03
7.450400801603206673e+03	-3.119999999999999944e-03
7.490480961923847644e+03	-3.119999999999999944e-03
7.530561122244488615e+03	-3.119999999999999944e-03
7.570641282565130496e+03	-3.119999999999999944e-03
7.610721442885771467e+03	-3.119999999999999944e-03
7.650801603206412437e+03	-3.119999999999999944e-03
7.690881763527054318e+03	-3.119999999999999944e-03
7.730961923847695289e+03	-3.119999999999999944e-03
7.771042084168337169e+03	-3.119999999999999944e-03
7.811122244488978140e+03	-3.119999999999999944e-03
7.851202404809619111e+03	-3.119999999999999944e-03
7.891282565130260991e+03	-3.119999999999999944e-03
7.931362725450901962e+03	-3.119999999999999944e-03
7.971442885771542933e+03	-3.119999999999999944e-03
8.011523046092184813e+03	-3.119999999999999944e-03
8.051603206412825784e+03	-3.119999999999999944e-03
8.091683366733466755e+03	-3.119999999999999944e-03
8.131763527054108636e+03	-3.119999999999999944e-03
8.171843687374749607e+03	-3.119999999999999944e-03
8.211923847695390577e+03	-3.119999999999999944e-03
8.252004008016032458e+03	-3.119999999999999944e-03
8.292084168336674338e+03	-3.119999999999999944e-03
8.332164328657314400e+03	-3.119999999999999944e-03
8.372244488977956280e+03	-3.119999999999999944e-03
8.412324649298596341e+03	-3.119999999999999944e-03
8.452404809619238222e+03	-3.119999999999999944e-03
8.492484969939880102e+03	-3.119999999999999944e-03
8.532565130260521983e+03	-3.119999999999999944e-03
8.572645290581162044e+03	-3.119999999999999944e-03
8.612725450901803924e+03	-3.119999999999999944e-03
8.652805611222443986e+03	-3.119999999999999944e-03
8.692885771543085866e+03	-3.119999999999999944e-03
8.732965931863727747e+03	-3.119999999999999944e-03
8.773046092184369627e+03	-3.119999999999999944e-03
8.813126252505009688e+03	-3.119999999999999944e-03
8.853206412825651569e+03	-3.119999999999999944e-03
8.893286573146291630e+03	-3.119999999999999944e-03
8.933366733466933510e+03	-3.119999999999999944e-03
8.973446893787575391e+03	-3.119999999999999944e-03
9.013527054108217271e+03	-3.119999999999999944e-03
9.053607214428857333e+03	-3.119999999999999944e-03
9.093687374749499213e+03	-3.119999999999999944e-03
9.133767535070141093e+03	-3.119999999999999944e-03
9.173847695390781155e+03	-3.119999999999999944e-03
9.213927855711423035e+03	-3.119999999999999944e-03
9.254008016032064916e+03	-3.119999999999999944e-03
9.294088176352704977e+03	-3.119999999999999944e-03
9.334168336673346857e+03	-3.119999999999999944e-03
9.374248496993986919e+03	-3.119999999999999944e-03
9.414328657314628799e+03	-3.119999999999999944e-03
9.454408817635270680e+03	-3.119999999999999944e-03
9.494488977955912560e+03	-3.119999999999999944e-03
9.534569138276552621e+03	-3.119999999999999944e-03
9.574649298597194502e+03	-3.119999999999999944e-03
9.614729458917836382e+03	-3.119999999999999944e-03
9.654809619238476444e+03	-3.119999999999999944e-03
9.694889779559118324e+03	-3.119999999999999944e-03
9.734969939879760204e+03	-3.119999999999999944e-03
9.775050100200400266e+03	-3.119999999999999944e-03
9.815130260521042146e+03	-3.119999999999999944e-03
9.855210420841684027e+03	-3.119999999999999944e-03
9.895290581162324088e+03	-3.119999999999999944e-03
9.935370741482965968e+03	-3.119999999999999944e-03
9.975450901803607849e+03	-3.119999999999999944e-03
1.001553106212424791e+04	-3.119999999999999944e-03
1.005561122244488979e+04	-3.119999999999999944e-03
1.009569138276553167e+04	-3.119999999999999944e-03
1.013577154308617173e+04	-3.119999999999999944e-03
1.017585170340681361e+04	-3.119999999999999944e-03
1.021593186372745549e+04	-3.119999999999999944e-03
1.025601202404809737e+04	-3.119999999999999944e-03
1.029609218436873743e+04	-3.119999999999999944e-03
1.033617234468937932e+04	-3.119999999999999944e-03
1.037625250501001938e+04	-3.119999999999999944e-03
1.041633266533066126e+04	-3.119999999999999944e-03
1.045641282565130314e+04	-3.119999999999999944e-03
1.049649298597194502e+04	-3.119999999999999944e-03
1.053657314629258508e+04	-3.119999999999999944e-03
1.057665330661322696e+04	-3.119999999999999944e-03
1.061673346693386702e+04	-3.119999999999999944e-03
1.065681362725450890e+04	-3.119999999999999944e-03
1.069689378757515078e+04	-3.119999999999999944e-03
1.073697394789579266e+04	-3.119999999999999944e-03
1.077705410821643272e+04	-3.119999999999999944e-03
1.081713426853707460e+04	-3.119999999999999944e-03
1.085721442885771467e+04	-3.119999999999999944e-03
1.089729458917835655e+04	-3.119999999999999944e-03
1.093737474949899843e+04	-3.119999999999999944e-03
1.097745490981964031e+04	-3.119999999999999944e-03
1.101753507014028037e+04	-3.119999999999999944e-03
1.105761523046092225e+04	-3.119999999999999944e-03
1.109769539078156231e+04	-3.119999999999999944e-03
1.113777555110220419e+04	-3.119999999999999944e-03
1.117785571142284607e+04	-3.119999999999999944e-03
1.121793587174348795e+04	-3.119999999999999944e-03
1.125801603206412801e+04	-3.119999999999999944e-03
1.129809619238476989e+04	-3.119999999999999944e-03
1.133817635270540995e+04	-3.119999999999999944e-03
1.137825651302605183e+04	-3.119999999999999944e-03
1.141833667334669371e+04	-3.119999999999999944e-03
1.145841683366733560e+04	-3.119999999999999944e-03
1.149849699398797566e+04	-3.119999999999999944e-03
1.153857715430861754e+04	-3.119999999999999944e-03
1.157865731462925760e+04	-3.119999999999999944e-03
1.161873747494989948e+04	-3.119999999999999944e-03
1.165881763527054136e+04	-3.119999999999999944e-03
1.169889779559118324e+04	-3.119999999999999944e-03
1.173897795591182330e+04	-3.119999999999999944e-03
1.177905811623246518e+04	-3.119999999999999944e-03
1.181913827655310524e+04	-3.119999999999999944e-03
1.185921843687374712e+04	-3.119999999999999944e-03
1.189929859719438900e+04	-3.119999999999999944e-03
1.193937875751503088e+04	-3.119999999999999944e-03
1.197945891783567276e+04	-3.119999999999999944e-03
1.201953907815631283e+04	-3.119999999999999944e-03
1.205961923847695289e+04	-3.119999999999999944e-03
1.209969939879759477e+04	-3.119999999999999944e-03
1.213977955911823665e+04	-3.119999999999999944e-03
1.217985971943887853e+04	-3.119999999999999944e-03
1.221993987975952041e+04	-3.119999999999999944e-03
1.226002004008016047e+04	-3.119999999999999944e-03
1.230010020040080053e+04	-3.119999999999999944e-03
1.234018036072144241e+04	-3.119999999999999944e-03
1.238026052104208429e+04	-3.119999999999999944e-03
1.242034068136272617e+04	-3.119999999999999944e-03
1.246042084168336805e+04	-3.119999999999999944e-03
1.250050100200400811e+04	-3.119999999999999944e-03
1.254058116232464818e+04	-3.119999999999999944e-03
1.258066132264529006e+04	-3.119999999999999944e-03
1.262074148296593194e+04	-3.119999999999999944e-03
1.266082164328657382e+04	-3.119999999999999944e-03
1.270090180360721570e+04	-3.119999999999999944e-03
1.274098196392785576e+04	-3.119999999999999944e-03
1.278106212424849582e+04	-3.119999999999999944e-03
1.282114228456913770e+04	-3.119999999999999944e-03
1.286122244488977958e+04	-3.119999999999999944e-03
1.290130260521042146e+04	-3.119999999999999944e-03
1.294138276553106334e+04	-3.119999999999999944e-03
1.298146292585170340e+04	-3.119999999999999944e-03
1.302154308617234528e+04	-3.119999999999999944e-03
1.306162324649298534e+04	-3.119999999999999944e-03
1.310170340681362723e+04	-3.119999999999999944e-03
1.314178356713426911e+04	-3.119999999999999944e-03
1.318186372745491099e+04	-3.119999999999999944e-03
1.322194388777555105e+04	-3.119999999999999944e-03
1.326202404809619293e+04	-3.119999999999999944e-03
1.330210420841683299e+04	-3.119999999999999944e-03
1.334218436873747487e+04	-3.119999999999999944e-03
1.338226452905811675e+04	-3.119999999999999944e-03
1.342234468937875863e+04	-3.119999999999999944e-03
1.346242484969939869e+04	-3.119999999999999944e-03
1.350250501002004057e+04	-3.119999999999999944e-03
1.354258517034068063e+04	-3.119999999999999944e-03
1.358266533066132251e+04	-3.119999999999999944e-03
1.362274549098196439e+04	-3.119999999999999944e-03
1.366282565130260627e+04	-3.119999999999999944e-03
1.370290581162324634e+04	-3.119999999999999944e-03
1.374298597194388822e+04	-3.119999999999999944e-03
1.378306613226452828e+04	-3.119999999999999944e-03
1.382314629258517016e+04	-3.119999999999999944e-03
1.386322645290581204e+04	-3.119999999999999944e-03
1.390330661322645392e+04	-3.119999999999999944e-03
1.394338677354709398e+04	-3.119999999999999944e-03
1.398346693386773586e+04	-3.119999999999999944e-03
1.402354709418837592e+04	-3.119999999999999944e-03
1.406362725450901780e+04	-3.119999999999999944e-03
1.410370741482965968e+04	-3.119999999999999944e-03
1.414378757515030156e+04	-3.119999999999999944e-03
1.418386773547094162e+04	-3.119999999999999944e-03
1.422394789579158351e+04	-3.119999999999999944e-03
1.426402805611222357e+04	-3.119999999999999944e-03
1.430410821643286545e+04	-3.119999999999999944e-03
1.434418837675350733e+04	-3.212734558867728647e-03
1.438426853707414921e+04	-3.009905826653283805e-03
1.442434869739479109e+04	-3.040211777054089171e-03
1.446442885771543115e+04	-2.785348307615241430e-03
1.450450901803607121e+04	-3.058826109719418613e-03
1.454458917835671309e+04	-2.826002498997978556e-03
1.458466933867735497e+04	-2.797898394288592713e-03
1.462474949899799685e+04	-2.899888787074141744e-03
1.466482965931863873e+04	-2.723741691883774674e-03
1.470490981963927879e+04	-2.665000000000002436e-03
1.474498997995991886e+04	-2.736930003005978544e-03
1.478507014028056074e+04	-2.788225052605205860e-03
1.482515030060120262e+04	-2.500563840180361399e-03
1.486523046092184450e+04	-2.372499999999999609e-03
1.490531062124248638e+04	-2.369313388026054491e-03
1.494539078156312644e+04	-2.252518027304633609e-03
1.498547094188376650e+04	-2.155183904308630768e-03
1.502555110220440838e+04	-2.212168870240478237e-03
1.506563126252505026e+04	-2.168136574148301146e-03
1.510571142284569214e+04	-2.080205111472931048e-03
1.514579158316633402e+04	-2.144999999999992833e-03
1.518587174348697408e+04	-2.064918746242452169e-03
1.522595190380761414e+04	-1.870287490981966012e-03
1.526603206412825602e+04	-1.881806272545069820e-03
1.530611222444889790e+04	-1.841717157815637822e-03
1.534619238476953979e+04	-1.860079976953879933e-03
1.538627254509018167e+04	-1.871368073647324123e-03
1.542635270541082173e+04	-1.763938958917828440e-03
1.546643286573146361e+04	-1.750977887274555826e-03
1.550651302605210367e+04	-1.816440012525051420e-03
1.554659318637274555e+04	-1.787500000000002628e-03
1.558667334669338743e+04	-1.996949714929850597e-03
1.562675350701402749e+04	-1.706185651302624283e-03
1.566683366733466937e+04	-1.425910689128257998e-03
1.570691382765531125e+04	-1.179400491482847846e-03
1.574699398797595131e+04	-3.820119689378145031e-04
1.578707414829659319e+04	-1.394233294087922727e-04
1.582715430861723507e+04	1.329583206412664100e-04
1.586723446893787514e+04	7.803976039578577406e-04
1.590731462925851702e+04	1.167990946392756958e-03
1.594739478957915890e+04	1.763412927855690076e-03
1.598747494989979896e+04	2.475825087675304591e-03
1.602755511022044084e+04	3.347795144288403038e-03
1.606763527054108272e+04	4.754253144038155486e-03
1.610771543086172278e+04	6.417233637274665815e-03
1.614779559118236466e+04	8.430645077655623751e-03
1.618787575150300654e+04	1.104018752054108238e-02
1.622795591182364660e+04	1.404284224549023734e-02
1.626803607214428848e+04	1.757463210170312137e-02
1.630811623246493036e+04	2.220392711272559105e-02
1.634819639278557224e+04	2.829212625601284364e-02
1.638827655310621049e+04	3.584872194138229856e-02
1.642835671342685237e+04	4.531887696593352860e-02
1.646843687374749425e+04	5.702105638076380989e-02
1.650851703406813613e+04	7.111308382013920015e-02
1.654859719438877801e+04	8.828024443637097485e-02
1.658867735470941989e+04	1.099319956926366054e-01
1.662875751503006177e+04	1.365276426405324095e-01
1.666883767535070365e+04	1.678844567134282206e-01
1.670891783567134553e+04	2.055164804200907969e-01
1.674899799599198377e+04	2.489131022647873837e-01
1.678907815631262565e+04	3.004834512324585094e-01
1.682915831663326753e+04	3.607886722319559869e-01
1.686923847695390577e+04	4.321030920019857113e-01
1.690931863727454765e+04	5.107928433707343840e-01
1.694939879759518954e+04	6.022230254133233984e-01
1.698947895791583142e+04	7.082547523491945496e-01
1.702955911823647330e+04	8.207722856428057989e-01
1.706963927855711518e+04	9.518853157577665813e-01
1.710971943887775706e+04	1.092240180145284345e+00
1.714979959919839894e+04	1.236385063363744985e+00
1.718987975951904082e+04	1.387271894183627952e+00
1.722995991983967906e+04	1.544779739802099927e+00
1.727004008016032094e+04	1.697902828339161951e+00
1.731012024048096282e+04	1.844981438983224420e+00
1.735020040080160106e+04	1.991958348985966909e+00
1.739028056112224294e+04	2.126574315831654793e+00
1.743036072144288482e+04	2.246262100246493976e+00
1.747044088176352670e+04	2.353598369119233258e+00
1.751052104208416858e+04	2.442485304120746825e+00
1.755060120240481046e+04	2.509513699526551900e+00
1.759068136272545235e+04	2.557086080751507673e+00
1.763076152304609423e+04	2.584873493333669447e+00
1.767084168336673611e+04	2.592162414775800450e+00
1.771092184368737435e+04	2.579553680663825510e+00
1.775100200400801623e+04	2.548007413158822843e+00
1.779108216432865811e+04	2.501702524466685951e+00
1.783116232464929635e+04	2.439641338897804879e+00
1.787124248496993823e+04	2.365164477364735784e+00
1.791132264529058011e+04	2.280651156513533007e+00
1.795140280561122199e+04	2.192010286449904477e+00
1.799148296593186387e+04	2.101291715393282633e+00
1.803156312625250575e+04	2.007079493549611460e+00
1.807164328657314763e+04	1.914293317989743448e+00
1.811172344689378951e+04	1.823933505350707085e+00
1.815180360721443139e+04	1.735978768067389044e+00
1.819188376753506964e+04	1.657929922488724950e+00
1.823196392785571152e+04	1.583957603737470965e+00
1.827204408817635340e+04	1.515595557623243161e+00
1.831212424849699164e+04	1.453015589325900025e+00
1.835220440881763352e+04	1.395243595470941456e+00
1.839228456913827540e+04	1.346788627266537475e+00
1.843236472945891728e+04	1.305153561935376683e+00
1.847244488977955916e+04	1.267193373998749983e+00
1.851252505010020104e+04	1.235142160731462990e+00
1.855260521042084292e+04	1.208267313910318830e+00
1.859268537074148480e+04	1.184820184979707314e+00
1.863276553106212668e+04	1.164470641782566762e+00
1.867284569138276493e+04	1.147276912409819660e+00
1.871292585170340681e+04	1.132425901824902326e+00
1.875300601202404869e+04	1.118254042215931943e+00
1.879308617234469057e+04	1.104396357465933010e+00
1.883316633266532881e+04	1.089933349716935895e+00
1.887324649298597069e+04	1.075298016426605052e+00
1.891332665330661257e+04	1.058771938438877180e+00
1.895340681362725445e+04	1.039643689565129314e+00
1.899348697394789633e+04	1.019057238080414818e+00
1.903356713426853821e+04	9.968294751127267928e-01
1.907364729458918009e+04	9.719272324649268491e-01
1.911372745490982197e+04	9.452185794674330399e-01
1.915380761523046385e+04	9.159433402995924567e-01
1.919388777555110210e+04	8.853407998096208820e-01
1.923396793587174398e+04	8.526084118486937369e-01
1.927404809619238586e+04	8.177591587111749938e-01
1.931412825651302410e+04	7.838511822742944002e-01
1.935420841683366598e+04	7.503726164674379140e-01
1.939428857715430786e+04	7.154042525526085328e-01
1.943436873747494974e+04	6.795883219063136860e-01
1.947444889779559162e+04	6.445170364476466851e-01
1.951452905811623350e+04	6.107664574749464004e-01
1.955460921843687538e+04	5.776464864849735203e-01
1.959468937875751726e+04	5.454522740318140661e-01
1.963476953907815914e+04	5.151799692234451111e-01
1.967484969939879738e+04	4.875561332444913742e-01
1.971492985971943926e+04	4.615746466122228053e-01
1.975501002004008114e+04	4.363439430954382803e-01
1.979509018036071939e+04	4.131748836698390104e-01
1.983517034068136127e+04	3.925252219939883158e-01
1.987525050100200315e+04	3.730411752084171750e-01
1.991533066132264503e+04	3.550913572091702886e-01
1.995541082164328691e+04	3.389160719411326572e-01
1.999549098196392879e+04	3.243438688000996883e-01
2.003557114228457067e+04	3.107548437499986216e-01
2.007565130260521255e+04	2.975737797499971027e-01
2.011573146292585443e+04	2.850477716297574182e-01
2.015581162324649267e+04	2.735463251823627706e-01
2.019589178356713455e+04	2.632953847194391961e-01
2.023597194388777643e+04	2.533095672758036154e-01
2.027605210420841468e+04	2.433730060799100259e-01
2.031613226452905656e+04	2.338305661608227615e-01
2.035621242484969844e+04	2.248270462535066905e-01
2.039629258517034032e+04	2.157245945127750919e-01
2.043637274549098220e+04	2.063707730135262708e-01
2.047645290581162408e+04	1.972792473657299095e-01
2.051653306613226596e+04	1.886097682615232862e-01
2.055661322645290784e+04	1.802562171991488604e-01
2.059669338677354972e+04	1.718528470854208123e-01
2.063677354709418796e+04	1.636082852029070445e-01
2.067685370741482984e+04	1.556671905886775897e-01
2.071693386773547172e+04	1.476576024198399950e-01
2.075701402805610996e+04	1.399872448449404894e-01
2.079709418837675184e+04	1.329186771543080514e-01
2.083717434869739373e+04	1.257553244088164823e-01
2.087725450901803561e+04	1.191084229531579053e-01
2.091733466933867749e+04	1.126364610092692869e-01
2.095741482965931937e+04	1.069005658519532054e-01
2.099749498997996125e+04	1.012719039529055981e-01
2.103757515030060313e+04	9.573393811372696294e-02
2.107765531062124501e+04	9.082682555736500130e-02
2.111773547094188325e+04	8.621546541082115989e-02
2.115781563126252513e+04	8.169143315831677021e-02
2.119789579158316701e+04	7.752500464529087087e-02
2.123797595190380525e+04	7.377585745616307977e-02
2.127805611222444713e+04	7.041933343061158868e-02
2.131813627254508901e+04	6.751928743862778415e-02
2.135821643286573089e+04	6.488902759068165826e-02
2.139829659318637277e+04	6.260179091733476808e-02
2.143837675350701466e+04	6.062856253882765306e-02
2.147845691382765654e+04	5.884392621868751033e-02
2.151853707414829842e+04	5.723530021042080862e-02
2.155861723446894030e+04	5.591692685971950266e-02
2.159869739478958218e+04	5.488806545966923300e-02
2.163877755511022042e+04	5.446999999999999759e-02
2.167885771543086230e+04	5.446999999999999759e-02
2.171893787575150418e+04	5.446999999999999759e-02
2.175901803607214242e+04	5.446999999999999759e-02
2.179909819639278430e+04	5.446999999999999759e-02
2.183917835671342618e+04	5.446999999999999759e-02
2.187925851703406806e+04	5.446999999999999759e-02
2.191933867735470994e+04	5.446999999999999759e-02
2.195941883767535182e+04	5.446999999999999759e-02
2.199949899799599370e+04	5.446999999999999759e-02
2.203957915831663558e+04	5.446999999999999759e-02
2.207965931863727747e+04	5.446999999999999759e-02
2.211973947895791571e+04	5.446999999999999759e-02
2.215981963927855759e+04	5.446999999999999759e-02
2.219989979959919947e+04	5.446999999999999759e-02
2.223997995991983771e+04	5.446999999999999759e-02
2.228006012024047959e+04	5.446999999999999759e-02
2.232014028056112147e+04	5.446999999999999759e-02
2.236022044088176335e+04	5.446999999999999759e-02
2.240030060120240523e+04	5.446999999999999759e-02
2.244038076152304711e+04	5.446999999999999759e-02
2.248046092184368899e+04	5.446999999999999759e-02
2.252054108216433087e+04	5.446999999999999759e-02
2.256062124248497275e+04	5.446999999999999759e-02
2.260070140280561100e+04	5.446999999999999759e-02
2.264078156312625288e+04	5.446999999999999759e-02
2.268086172344689476e+04	5.446999999999999759e-02
2.272094188376753300e+04	5.446999999999999759e-02
2.276102204408817488e+04	5.446999999999999759e-02
2.280110220440881676e+04	5.446999999999999759e-02
2.284118236472945864e+04	5.446999999999999759e-02
2.288126252505010052e+04	5.446999999999999759e-02
2.292134268537074240e+04	5.446999999999999759e-02
2.296142284569138428e+04	5.446999999999999759e-02
2.300150300601202616e+04	5.446999999999999759e-02
2.304158316633266804e+04	5.446999999999999759e-02
2.308166332665330629e+04	5.446999999999999759e-02
2.312174348697394817e+04	5.446999999999999759e-02
2.316182364729459005e+04	5.446999999999999759e-02
2.320190380761522829e+04	5.446999999999999759e-02
2.324198396793587017e+04	5.446999999999999759e-02
2.328206412825651205e+04	5.446999999999999759e-02
2.332214428857715393e+04	5.446999999999999759e-02
2.336222444889779581e+04	5.446999999999999759e-02
2.340230460921843769e+04	5.446999999999999759e-02
2.344238476953907957e+04	5.446999999999999759e-02
2.348246492985972145e+04	5.446999999999999759e-02
2.352254509018036333e+04	5.446999999999999759e-02
2.356262525050100157e+04	5.446999999999999759e-02
2.360270541082164345e+04	5.446999999999999759e-02
2.364278557114228533e+04	5.446999999999999759e-02
2.368286573146292722e+04	5.446999999999999759e-02
2.372294589178356910e+04	5.446999999999999759e-02
2.376302605210420734e+04	5.446999999999999759e-02
2.380310621242484922e+04	5.446999999999999759e-02
2.384318637274549110e+04	5.446999999999999759e-02
2.388326653306613298e+04	5.446999999999999759e-02
2.392334669338677486e+04	5.446999999999999759e-02
2.396342685370741674e+04	5.446999999999999759e-02
2.400350701402805498e+04	5.446999999999999759e-02
2.404358717434869686e+04	5.446999999999999759e-02
2.408366733466933874e+04	5.446999999999999759e-02
2.412374749498998062e+04	5.446999999999999759e-02
2.416382765531062250e+04	5.446999999999999759e-02
2.420390781563126438e+04	5.446999999999999759e-02
2.424398797595190263e+04	5.446999999999999759e-02
2.428406813627254451e+04	5.446999999999999759e-02
2.432414829659318639e+04	5.446999999999999759e-02
2.436422845691382827e+04	5.446999999999999759e-02
2.440430861723447015e+04	5.446999999999999759e-02
2.444438877755511203e+04	5.446999999999999759e-02
2.448446893787575027e+04	5.446999999999999759e-02
2.452454909819639215e+04	5.446999999999999759e-02
2.456462925851703403e+04	5.446999999999999759e-02
2.460470941883767591e+04	5.446999999999999759e-02
2.464478957915831779e+04	5.446999999999999759e-02
2.468486973947895967e+04	5.446999999999999759e-02
2.472494989979959792e+04	5.446999999999999759e-02
2.476503006012023980e+04	5.446999999999999759e-02
2.480511022044088168e+04	5.446999999999999759e-02
2.484519038076152356e+04	5.446999999999999759e-02
2.488527054108216544e+04	5.446999999999999759e-02
2.492535070140280732e+04	5.446999999999999759e-02
2.496543086172344556e+04	5.446999999999999759e-02
2.500551102204408744e+04	5.446999999999999759e-02
2.504559118236472932e+04	5.446999999999999759e-02
2.508567134268537120e+04	5.446999999999999759e-02
2.512575150300601308e+04	5.446999999999999759e-02
2.516583166332665496e+04	5.446999999999999759e-02
2.520591182364729320e+04	5.446999999999999759e-02
2.524599198396793508e+04	5.446999999999999759e-02
2.528607214428857696e+04	5.446999999999999759e-02
2.532615230460921885e+04	5.446999999999999759e-02
2.536623246492986073e+04	5.446999999999999759e-02
2.540631262525050261e+04	5.446999999999999759e-02
2.544639278557114449e+04	5.446999999999999759e-02
2.548647294589178273e+04	5.446999999999999759e-02
2.552655310621242461e+04	5.446999999999999759e-02
2.556663326653306649e+04	5.446999999999999759e-02
2.560671342685370837e+04	5.446999999999999759e-02
2.564679358717435025e+04	5.446999999999999759e-02
2.568687374749499213e+04	5.446999999999999759e-02
2.572695390781563037e+04	5.446999999999999759e-02
2.576703406813627225e+04	5.446999999999999759e-02
2.580711422845691413e+04	5.446999999999999759e-02
2.584719438877755601e+04	5.446999999999999759e-02
2.588727454909819789e+04	5.446999999999999759e-02
2.592735470941883978e+04	5.446999999999999759e-02
2.596743486973947802e+04	5.446999999999999759e-02
2.600751503006011990e+04	5.446999999999999759e-02
2.604759519038076178e+04	5.446999999999999759e-02
2.608767535070140366e+04	5.446999999999999759e-02
2.612775551102204554e+04	5.446999999999999759e-02
2.616783567134268742e+04	5.446999999999999759e-02
2.620791583166332566e+04	5.446999999999999759e-02
2.624799599198396754e+04	5.446999999999999759e-02
2.628807615230460942e+04	5.446999999999999759e-02
2.632815631262525130e+04	5.446999999999999759e-02
2.636823647294589318e+04	5.446999999999999759e-02
2.640831663326653506e+04	5.446999999999999759e-02
2.644839679358717331e+04	5.446999999999999759e-02
2.648847695390781519e+04	5.446999999999999759e-02
2.652855711422845707e+04	5.446999999999999759e-02
2.656863727454909895e+04	5.446999999999999759e-02
2.660871743486974083e+04	5.446999999999999759e-02
2.664879759519038271e+04	5.446999999999999759e-02
2.668887775551102095e+04	5.446999999999999759e-02
2.672895791583166283e+04	5.446999999999999759e-02
2.676903807615230471e+04	5.446999999999999759e-02
2.680911823647294659e+04	5.446999999999999759e-02
2.684919839679358847e+04	5.446999999999999759e-02
2.688927855711423035e+04	5.446999999999999759e-02
2.692935871743486859e+04	5.446999999999999759e-02
2.696943887775551048e+04	5.446999999999999759e-02
2.700951903807615236e+04	5.446999999999999759e-02
2.704959919839679424e+04	5.446999999999999759e-02
2.708967935871743612e+04	5.446999999999999759e-02
2.712975951903807800e+04	5.446999999999999759e-02
2.716983967935871624e+04	5.446999999999999759e-02
2.720991983967935812e+04	5.446999999999999759e-02
2.725000000000000000e+04	5.446999999999999759e-02
