1.172349604625419535e-05
1.199662233849834334e-05
1.227291912374601227e-05
1.255359123040104736e-05
1.284268653292092444e-05
1.314522200271338971e-05
1.346475996119113314e-05
1.380175506441772720e-05
1.415359673892344900e-05
1.451636039530667427e-05
1.488734346798118855e-05
1.526701301731581010e-05
1.565928693836295615e-05
1.606996367869794164e-05
1.650412804795337780e-05
1.696393971812412314e-05
1.744802989456593477e-05
1.795287435666367428e-05
1.847543445411116037e-05
1.901564809863304223e-05
1.957740711489008100e-05
2.016746105538217820e-05
2.079281473460385538e-05
2.145802521538195076e-05
2.216388784532459440e-05
2.290826899851172659e-05
2.368868078506190705e-05
2.450522937719772012e-05
2.536233661387899487e-05
2.626827610152707827e-05
2.723274558285866242e-05
2.826377977471601307e-05
2.936569625337739190e-05
3.053923427802059457e-05
3.178386663226131896e-05
3.310107214326254212e-05
3.449680564870069609e-05
3.598180788960501372e-05
3.756955659166787533e-05
3.927295101329163511e-05
4.110153973490763792e-05
4.306084043366090159e-05
4.515418476335755581e-05
4.738614665999925932e-05
4.976572782180589791e-05
5.230757513449327240e-05
5.503055552555073145e-05
5.795445642837952879e-05
6.109663055447889647e-05
6.447047759489959334e-05
6.808669256880578327e-05
7.195671856197520761e-05
7.609662881207270837e-05
8.052940071491285841e-05
8.528439545691792281e-05
9.039437686626026049e-05
9.589177098582423581e-05
1.018063301296863313e-04
1.081656497646049870e-04
1.149984623362390894e-04
1.223391188430609166e-04
1.302309965159056872e-04
1.387271241656029314e-04
1.478878153720315596e-04
1.577767390974664855e-04
1.684577398529362162e-04
1.799943456583612256e-04
1.924524523420938151e-04
2.059049227514858974e-04
2.204357454159485297e-04
2.361415747750107502e-04
2.531298539674970804e-04
2.715145697479979018e-04
2.914120024644829441e-04
3.129388801656238337e-04
3.362140731774632108e-04
3.613630451429606749e-04
3.885227491639570304e-04
4.178443701264073396e-04
4.494924509633215479e-04
4.836409094784117685e-04
5.204681941470137374e-04
5.601543875749135596e-04
6.028821209541542500e-04
6.488412078583991570e-04
6.982350000769937080e-04
7.512856621324588615e-04
8.082363178827765707e-04
8.693499510001251665e-04
9.349069933147389436e-04
1.005204569841012261e-03
1.080559779912157892e-03
1.161317455314602029e-03
1.247860575918399934e-03
1.340620173845322735e-03
1.440081884452442664e-03
1.546788172400452317e-03
1.661337691259647323e-03
1.784384910817679928e-03
1.916643130857788573e-03
2.058892253451159900e-03
2.211990103399721561e-03
2.376884029486169697e-03
2.554619081461656591e-03
2.746340467779690743e-03
2.953290486424621844e-03
3.176802328808968606e-03
3.418293882479235286e-03
3.679263523214917897e-03
3.961287559415960571e-03
4.266016834823961774e-03
4.595169320330297520e-03
4.950516851199881704e-03
5.333866899674275658e-03
5.747042995787680561e-03
6.191868628689653833e-03
6.670158428887382022e-03
7.183717582837700032e-03
7.734347190016148572e-03
8.323851322124105334e-03
8.954041939371881753e-03
9.626740422455919155e-03
1.034377802812572016e-02
1.110700035021358958e-02
1.191828159531481933e-02
1.277955299518715448e-02
1.369284695275025526e-02
1.466035608065989482e-02
1.568450531674410106e-02
1.676803592288738168e-02
1.791410140169385004e-02
1.912637567629984353e-02
2.040917217470828229e-02
2.176756884272919301e-02
2.320753001216153619e-02
2.473601359727173668e-02
2.636105298400379451e-02
2.809180748531306740e-02
2.993858186730367563e-02
3.191282149820787173e-02
3.402709243421455504e-02
3.629505381656814023e-02
3.873142388112524315e-02
4.135193298536452011e-02
4.417325033559808128e-02
4.721286790353207419e-02
5.048892614718443472e-02
5.401997075448696645e-02
5.782463599737094895e-02
6.192125695610186525e-02
6.632741943502618032e-02
7.105946348295921755e-02
7.613196493476086235e-02
8.155722926323746846e-02
8.734484151890706261e-02
9.350132192940521780e-02
1.000299351555113681e-01
1.069306899732011956e-01
1.142005458735246837e-01
1.218338176980754695e-01
1.298227453676609466e-01
1.381581799145890632e-01
1.468303345034497331e-01
1.558295615201571171e-01
1.651471416368905931e-01
1.747761020823017653e-01
1.847121112237419260e-01
1.949545167584704752e-01
2.055075982692262382e-01
2.163820869714108142e-01
2.275969649015572582e-01
2.391814956070674181e-01
2.511773665634402519e-01
2.636407527962143504e-01
2.766440574271574748e-01
2.902770639187464696e-01
3.046472579224223654e-01
3.198791461546744430e-01
3.361125063807753888e-01
3.534996261922926375e-01
3.722017019793136261e-01
3.923846467970342755e-01
4.142145780327277649e-01
4.378532176357685657e-01
4.634533490736787442e-01
4.911543585975666204e-01
5.210777731579442351e-01
5.533226227929760599e-01
5.879604253293916338e-01
6.250296307178571098e-01
6.645294761400802885e-01
7.064133857398874339e-01
7.505822840689968523e-01
7.968784514023996568e-01
8.450807899793716382e-01
8.949025394494337649e-01
9.459925191216491669e-01
9.979408337552448938e-01
1.050289632918819827e+00
1.102548976370999467e+00
1.154217194414872028e+00
1.204804454607833142e+00
1.253857695327042165e+00
1.300984801096471077e+00
1.345875973276326132e+00
1.388320718347637150e+00
1.428219667444757590e+00
1.465591397934983053e+00
1.500575331575245919e+00
1.533432401450623317e+00
1.564545324115393710e+00
1.594419896112856394e+00
1.623687801141100229e+00
1.653110148304886895e+00
1.683579650609957179e+00
1.716118325833313918e+00
1.751867152428458363e+00
1.792064422841497029e+00
1.838010624013950434e+00
1.891019382313860353e+00
1.952356034273813767e+00
2.023167342463213725e+00
2.104407390157494895e+00
2.196765468498716345e+00
2.300601669413984585e+00
2.415894937861450043e+00
2.542206694206801565e+00
2.678661104894647593e+00
2.823941017387936459e+00
2.976296860628611540e+00
3.133564791998795229e+00
3.293190316583335608e+00
3.452254657260459325e+00
3.607503272366183733e+00
3.755378821512807885e+00
3.892064028665854103e+00
4.013542517258100517e+00
4.115686915100552845e+00
4.194382548660614773e+00
4.245691390297050560e+00
4.266054658007101708e+00
4.252524341883963999e+00
4.203005337911524641e+00
4.116482626094178698e+00
3.993203894554665290e+00
3.834788619188109315e+00
3.644240452919010664e+00
3.425850363215191763e+00
3.184991706843345316e+00
2.927822983570510296e+00
2.660926718355672183e+00
2.390921446684839413e+00
2.124086617270918520e+00
1.866037032291385511e+00
1.621475059204686042e+00
1.394037053406910198e+00
1.186237502325505178e+00
9.995025809863644639e-01
8.342758463218412635e-01
6.901736611159787760e-01
5.661667456598019621e-01
4.607664025364759941e-01
3.721983884528790587e-01
2.985529105134531180e-01
2.379047181457862592e-01
1.884019572820393174e-01
1.483259211195728233e-01
1.161259715983884860e-01
9.043485814043646098e-02
7.006969991147700416e-02
5.402333963981373333e-02
4.144990961655729833e-02
3.164750101482329686e-02
2.403995007008007459e-02
1.815903378774362878e-02
1.362783164355945570e-02
1.014564536346561699e-02
7.474639884779466642e-03
5.428231272584119714e-03
3.861163572484212735e-03
2.661161233606454488e-03
1.742005766917567675e-03
1.037863334316676753e-03
4.986855431136281947e-04
8.651764715812451895e-05
-2.274294174308454715e-04
-4.650632027970765382e-04
-6.431530909622439627e-04
-7.746279548232638118e-04
-8.695215752397310099e-04
-9.356568032193783666e-04
-9.791499619942038192e-04
-1.004798434115562831e-03
-1.016390314621494050e-03
-1.016952628203237913e-03
-1.008940842443832630e-03
-9.943702082296672958e-04
-9.748962711716223188e-04
-9.518611508388191093e-04
-9.263268644392264658e-04
-8.991133174912170145e-04
-8.708478979724163741e-04
-8.420212736671956561e-04
-8.130363198277212183e-04
-7.842378124507811505e-04
-7.559187404301478128e-04
-7.283099390922139404e-04
-7.015670946784677026e-04
-6.757689878600655438e-04
-6.509333405023452019e-04
-6.270460117557372526e-04
-6.040913697417339343e-04
-5.820706572281858981e-04
-5.610014366572004061e-04
-5.409011508810510245e-04
-5.217659706998326779e-04
-5.035580385178566347e-04
-4.862090464591522056e-04
-4.696387730978070500e-04
-4.537788902052783662e-04
-4.385895227713198564e-04
-4.240601091865531117e-04
-4.101947026647199306e-04
-3.969902145756568361e-04
-3.844196916392965012e-04
-3.724296909629203111e-04
-3.609529461540528878e-04
-3.499291684766934422e-04
-3.393225330649232317e-04
-3.291264058913874013e-04
-3.193529591503291081e-04
-3.100135567742290312e-04
-3.011006830946108786e-04
-2.925811493443506708e-04
-2.844040189747603850e-04
-2.765186511917645850e-04
-2.688928607428427370e-04
-2.615213079420112110e-04
-2.544197034163866934e-04
-2.476081784626687067e-04
-2.410929876487747097e-04
-2.348564601746047772e-04
-2.288604821456887448e-04
-2.230613747292625509e-04
-2.174278961724183284e-04
-2.119525398909914032e-04
-2.066500925754398627e-04
-2.015444150968376063e-04
-1.966507741770949177e-04
-1.919633490572489982e-04
-1.874545865411050307e-04
-1.830865596616368060e-04
-1.788279833724645135e-04
-1.746675737764190502e-04
-1.706165571989692094e-04
-1.666991176917012173e-04
-1.629361208618484156e-04
-1.593310157164813895e-04
-1.558655096976394950e-04
-1.525072132914997460e-04
-1.492249399281197586e-04
-1.460032633017524083e-04
-1.428484530393832146e-04
-1.397826855155334962e-04
-1.368298163089938578e-04
-1.340005246990496484e-04
-1.312848764825333468e-04
-1.286562295808372201e-04
-1.260842159909736089e-04
-1.235496506041539988e-04
-1.210532670698087133e-04
-1.186136259445544464e-04
-1.162554601601354097e-04
-1.139948827904196563e-04
-1.118295003115779226e-04
-1.097387201510137720e-04
-1.076939592848383731e-04
-1.056731058379698878e-04
-1.036713523341755788e-04
-1.017025775020344709e-04
-9.979063791292074764e-05
-9.795539900546425488e-05
-9.620112553102824933e-05
-9.451348620123155937e-05
-9.286669361018285416e-05
-9.123679839374418865e-05
-8.961387146365485778e-05
-8.800649182235876957e-05
-8.643619495646843293e-05
-8.492499570007955854e-05
-8.348281288852550587e-05
-8.210160167470924699e-05
-8.075929581517860370e-05
-7.943132035890123710e-05
-7.810336264006741028e-05
-7.677847568849079725e-05
-7.547472814875770921e-05
-7.421476997258970646e-05
-7.301304350316496512e-05
-7.186758451449773845e-05
-7.076080287724943209e-05
-6.966872884032676637e-05
-6.857363528668158675e-05
-6.747317076475316385e-05
-6.638109470252543070e-05
-6.531929907709731881e-05
-6.430551889237222764e-05
-6.334342356636990523e-05
-6.242042796157006045e-05
-6.151433307513712670e-05
-6.060511803273958804e-05
-5.968545273172762446e-05
-5.876425373856068886e-05
-5.786142383751097311e-05
-5.699670359398313244e-05
-5.617872208203922519e-05
-5.540016988342377351e-05
-5.464165026320776228e-05
-5.388204537113366568e-05
-5.310972862944896759e-05
-5.232854780799217625e-05
-5.155538738861010578e-05
-5.081070372061962867e-05
-5.010721661006529965e-05
-4.944289280574275957e-05
-4.880198077912487585e-05
-4.816346681456471163e-05
-4.751231226282733239e-05
-4.684736685827091461e-05
-4.618170392145913724e-05
-4.553526007670311070e-05
-4.492382717640128480e-05
-4.435038384979305657e-05
-4.380343796167791067e-05
-4.326321867158221393e-05
-4.271230236350867499e-05
-4.214488570465168524e-05
-4.156969858835104077e-05
-4.100503212678590286e-05
-4.046863583620053750e-05
-3.996799228488338293e-05
-3.949622894945346038e-05
-3.903583465197104735e-05
-3.856810753808291109e-05
-3.808317656968394427e-05
-3.758516875680202363e-05
-3.708976361850597613e-05
-3.661551723714555763e-05
-3.617369896813615149e-05
-3.576215203293389792e-05
-3.536646954842216395e-05
-3.496779378526772660e-05
-3.455296781758972533e-05
-3.412152809368035160e-05
-3.368577748953024964e-05
-3.326395092709476763e-05
-3.287022334635226551e-05
-3.250699059351309770e-05
-3.216358371707089830e-05
-3.182206515089543560e-05
-3.146691835670406426e-05
-3.109335889428928935e-05
-3.070977920307176268e-05
-3.033304632327059013e-05
-2.997924848239287712e-05
-2.965493065381349865e-05
-2.935355854111224448e-05
-2.905908747897005247e-05
-2.875465466150646209e-05
-2.843165475085530211e-05
-2.809428469893922387e-05
-2.775712983821677584e-05
-2.743714583098028550e-05
-2.714441432231193572e-05
-2.687668342713552000e-05
-2.662062160877360552e-05
-2.635906043059526723e-05
-2.608026586705437946e-05
-2.578420698062748104e-05
-2.548244983750468299e-05
-2.519177688816193910e-05
-2.492502691410515005e-05
-2.468413121663493194e-05
-2.445910003258465714e-05
-2.423346824802724244e-05
-2.399321061208584854e-05
-2.373427891225985496e-05
-2.346469118782346203e-05
-2.320007793850281086e-05
-2.295513819610948313e-05
-2.273565575525640913e-05
-2.253539255853486632e-05
-2.233950900400443273e-05
-2.213261823358381411e-05
-2.190708593456786092e-05
-2.166708236097062437e-05
-2.142622071683745059e-05
-2.120010060868600794e-05
-2.099782403045930793e-05
-2.081708175725750979e-05
