2.510749999999999886e+02
2.903333400000000211e+02
3.472900099999999952e+02
4.237749900000000025e+02
4.501000099999999975e+02
5.065800199999999904e+02
5.390000000000000000e+02
5.736666900000000169e+02
6.310000000000000000e+02
6.678400299999999561e+02
7.424024699999999939e+02
8.016666900000000169e+02
8.383333099999999831e+02
9.118766500000000406e+02
9.655000000000000000e+02
1.142450000000000045e+03
1.213679900000000089e+03
1.274759999999999991e+03
1.320019999999999982e+03
1.364400000000000091e+03
1.410375000000000000e+03
1.449599999999999909e+03
1.495900000000000091e+03
1.534619999999999891e+03
1.593866700000000037e+03
1.646339999999999918e+03
